[0]	While	LALRShift [4,219]
[0]	ID	LALRShift [5,220]
[0]	Goto	LALRShift [6,221]
[0]	For	LALRShift [7,222]
[0]	Sub	LALRShift [8,223]
[0]	If	LALRShift [9,224]
[1]	$	LALRAccept
[2]	$	LALRReduce 18
[2]	CR	LALRShift [10]
[3,217]	$	LALRReduce 1
[3,217]	CR	LALRReduce 1
[4,219]	(	LALRShift [11,269]
[5,220]	:	LALRShift [13,271]
[5,220]	=	LALRShift [14,272]
[5,220]	.	LALRShift [15,273]
[5,220]	(	LALRShift [12,270]
[6,221]	ID	LALRShift [16,274]
[7,222]	ID	LALRShift [17,275]
[8,223]	ID	LALRShift [18,276]
[9,224]	(	LALRShift [19,277]
[10]	While	LALRShift [4,219]
[10]	ID	LALRShift [5,220]
[10]	Goto	LALRShift [6,221]
[10]	For	LALRShift [7,222]
[10]	Sub	LALRShift [8,223]
[10]	If	LALRShift [9,224]
[11,269]	-	LALRShift [33,51,67,140,249,322]
[11,269]	NUM	LALRShift [34,52,68,141,250,323]
[11,269]	true	LALRShift [35,53,69,142,251,324]
[11,269]	false	LALRShift [36,54,70,143,252,325]
[11,269]	(	LALRShift [31,49,65,138,247,320]
[11,269]	ID	LALRShift [32,50,66,139,248,321]
[12,270]	)	LALRReduce 23
[12,270]	-	LALRShift [33,51,67,140,249,322]
[12,270]	NUM	LALRShift [34,52,68,141,250,323]
[12,270]	true	LALRShift [35,53,69,142,251,324]
[12,270]	false	LALRShift [36,54,70,143,252,325]
[12,270]	(	LALRShift [31,49,65,138,247,320]
[12,270]	ID	LALRShift [32,50,66,139,248,321]
[13,271]	$	LALRReduce 3
[13,271]	CR	LALRReduce 3
[14,272]	-	LALRShift [33,51,67,140,249,322]
[14,272]	NUM	LALRShift [34,52,68,141,250,323]
[14,272]	true	LALRShift [35,53,69,142,251,324]
[14,272]	false	LALRShift [36,54,70,143,252,325]
[14,272]	(	LALRShift [31,49,65,138,247,320]
[14,272]	ID	LALRShift [32,50,66,139,248,321]
[15,273]	ID	LALRShift [71,326]
[16,274]	$	LALRReduce 4
[16,274]	CR	LALRReduce 4
[17,275]	=	LALRShift [72,327]
[18,276]	CR	LALRReduce 56
[18,276]	(	LALRShift [74]
[19,277]	-	LALRShift [33,51,67,140,249,322]
[19,277]	NUM	LALRShift [34,52,68,141,250,323]
[19,277]	true	LALRShift [35,53,69,142,251,324]
[19,277]	false	LALRShift [36,54,70,143,252,325]
[19,277]	(	LALRShift [31,49,65,138,247,320]
[19,277]	ID	LALRShift [32,50,66,139,248,321]
[20]	$	LALRReduce 19
[21,308]	)	LALRShift [76,360]
[22,39,56,129,238,311]	)	LALRReduce 22
[22,39,56,129,238,311]	,	LALRReduce 22
[22,39,56,129,238,311]	$	LALRReduce 22
[22,39,56,129,238,311]	CR	LALRReduce 22
[22,39,56,129,238,311]	To	LALRReduce 22
[22,39,56,129,238,311]	Step	LALRReduce 22
[23,41,57,130,239,312]	)	LALRReduce 27
[23,41,57,130,239,312]	Or	LALRShift [77,95,111,199,289,362]
[23,41,57,130,239,312]	,	LALRReduce 27
[23,41,57,130,239,312]	$	LALRReduce 27
[23,41,57,130,239,312]	CR	LALRReduce 27
[23,41,57,130,239,312]	To	LALRReduce 27
[23,41,57,130,239,312]	Step	LALRReduce 27
[24,42,58,131,240,313]	)	LALRReduce 29
[24,42,58,131,240,313]	Or	LALRReduce 29
[24,42,58,131,240,313]	And	LALRShift [78,96,112,200,290,363]
[24,42,58,131,240,313]	,	LALRReduce 29
[24,42,58,131,240,313]	$	LALRReduce 29
[24,42,58,131,240,313]	CR	LALRReduce 29
[24,42,58,131,240,313]	To	LALRReduce 29
[24,42,58,131,240,313]	Step	LALRReduce 29
[25,43,59,132,241,314]	)	LALRReduce 31
[25,43,59,132,241,314]	Or	LALRReduce 31
[25,43,59,132,241,314]	And	LALRReduce 31
[25,43,59,132,241,314]	=	LALRShift [79,97,113,201,291,364]
[25,43,59,132,241,314]	<>	LALRShift [80,98,114,202,292,365]
[25,43,59,132,241,314]	,	LALRReduce 31
[25,43,59,132,241,314]	$	LALRReduce 31
[25,43,59,132,241,314]	CR	LALRReduce 31
[25,43,59,132,241,314]	To	LALRReduce 31
[25,43,59,132,241,314]	Step	LALRReduce 31
[26,44,60,133,242,315]	)	LALRReduce 34
[26,44,60,133,242,315]	Or	LALRReduce 34
[26,44,60,133,242,315]	And	LALRReduce 34
[26,44,60,133,242,315]	=	LALRReduce 34
[26,44,60,133,242,315]	<>	LALRReduce 34
[26,44,60,133,242,315]	<	LALRShift [81,99,115,203,293,366]
[26,44,60,133,242,315]	<=	LALRShift [82,100,116,204,294,367]
[26,44,60,133,242,315]	>	LALRShift [83,101,117,205,295,368]
[26,44,60,133,242,315]	>=	LALRShift [84,102,118,206,296,369]
[26,44,60,133,242,315]	,	LALRReduce 34
[26,44,60,133,242,315]	$	LALRReduce 34
[26,44,60,133,242,315]	CR	LALRReduce 34
[26,44,60,133,242,315]	To	LALRReduce 34
[26,44,60,133,242,315]	Step	LALRReduce 34
[27,45,61,134,243,316]	)	LALRReduce 39
[27,45,61,134,243,316]	Or	LALRReduce 39
[27,45,61,134,243,316]	And	LALRReduce 39
[27,45,61,134,243,316]	=	LALRReduce 39
[27,45,61,134,243,316]	<>	LALRReduce 39
[27,45,61,134,243,316]	<	LALRReduce 39
[27,45,61,134,243,316]	<=	LALRReduce 39
[27,45,61,134,243,316]	>	LALRReduce 39
[27,45,61,134,243,316]	>=	LALRReduce 39
[27,45,61,134,243,316]	+	LALRShift [85,103,119,207,297,370]
[27,45,61,134,243,316]	-	LALRShift [86,104,120,208,298,371]
[27,45,61,134,243,316]	,	LALRReduce 39
[27,45,61,134,243,316]	$	LALRReduce 39
[27,45,61,134,243,316]	CR	LALRReduce 39
[27,45,61,134,243,316]	To	LALRReduce 39
[27,45,61,134,243,316]	Step	LALRReduce 39
[28,46,62,135,244,317]	)	LALRReduce 42
[28,46,62,135,244,317]	Or	LALRReduce 42
[28,46,62,135,244,317]	And	LALRReduce 42
[28,46,62,135,244,317]	=	LALRReduce 42
[28,46,62,135,244,317]	<>	LALRReduce 42
[28,46,62,135,244,317]	<	LALRReduce 42
[28,46,62,135,244,317]	<=	LALRReduce 42
[28,46,62,135,244,317]	>	LALRReduce 42
[28,46,62,135,244,317]	>=	LALRReduce 42
[28,46,62,135,244,317]	+	LALRReduce 42
[28,46,62,135,244,317]	-	LALRReduce 42
[28,46,62,135,244,317]	*	LALRShift [87,105,121,209,299,372]
[28,46,62,135,244,317]	/	LALRShift [88,106,122,210,300,373]
[28,46,62,135,244,317]	,	LALRReduce 42
[28,46,62,135,244,317]	$	LALRReduce 42
[28,46,62,135,244,317]	CR	LALRReduce 42
[28,46,62,135,244,317]	To	LALRReduce 42
[28,46,62,135,244,317]	Step	LALRReduce 42
[29,47,63,136,245,318]	)	LALRReduce 45
[29,47,63,136,245,318]	Or	LALRReduce 45
[29,47,63,136,245,318]	And	LALRReduce 45
[29,47,63,136,245,318]	=	LALRReduce 45
[29,47,63,136,245,318]	<>	LALRReduce 45
[29,47,63,136,245,318]	<	LALRReduce 45
[29,47,63,136,245,318]	<=	LALRReduce 45
[29,47,63,136,245,318]	>	LALRReduce 45
[29,47,63,136,245,318]	>=	LALRReduce 45
[29,47,63,136,245,318]	+	LALRReduce 45
[29,47,63,136,245,318]	-	LALRReduce 45
[29,47,63,136,245,318]	*	LALRReduce 45
[29,47,63,136,245,318]	/	LALRReduce 45
[29,47,63,136,245,318]	,	LALRReduce 45
[29,47,63,136,245,318]	$	LALRReduce 45
[29,47,63,136,245,318]	CR	LALRReduce 45
[29,47,63,136,245,318]	To	LALRReduce 45
[29,47,63,136,245,318]	Step	LALRReduce 45
[30,48,64,137,246,319]	)	LALRReduce 47
[30,48,64,137,246,319]	Or	LALRReduce 47
[30,48,64,137,246,319]	And	LALRReduce 47
[30,48,64,137,246,319]	=	LALRReduce 47
[30,48,64,137,246,319]	<>	LALRReduce 47
[30,48,64,137,246,319]	<	LALRReduce 47
[30,48,64,137,246,319]	<=	LALRReduce 47
[30,48,64,137,246,319]	>	LALRReduce 47
[30,48,64,137,246,319]	>=	LALRReduce 47
[30,48,64,137,246,319]	+	LALRReduce 47
[30,48,64,137,246,319]	-	LALRReduce 47
[30,48,64,137,246,319]	*	LALRReduce 47
[30,48,64,137,246,319]	/	LALRReduce 47
[30,48,64,137,246,319]	,	LALRReduce 47
[30,48,64,137,246,319]	$	LALRReduce 47
[30,48,64,137,246,319]	CR	LALRReduce 47
[30,48,64,137,246,319]	To	LALRReduce 47
[30,48,64,137,246,319]	Step	LALRReduce 47
[31,49,65,138,247,320]	-	LALRShift [33,51,67,140,249,322]
[31,49,65,138,247,320]	NUM	LALRShift [34,52,68,141,250,323]
[31,49,65,138,247,320]	true	LALRShift [35,53,69,142,251,324]
[31,49,65,138,247,320]	false	LALRShift [36,54,70,143,252,325]
[31,49,65,138,247,320]	(	LALRShift [31,49,65,138,247,320]
[31,49,65,138,247,320]	ID	LALRShift [32,50,66,139,248,321]
[32,50,66,139,248,321]	)	LALRReduce 52
[32,50,66,139,248,321]	.	LALRShift [91,109,125,213,303,376]
[32,50,66,139,248,321]	(	LALRShift [90,108,124,212,302,375]
[32,50,66,139,248,321]	Or	LALRReduce 52
[32,50,66,139,248,321]	And	LALRReduce 52
[32,50,66,139,248,321]	=	LALRReduce 52
[32,50,66,139,248,321]	<>	LALRReduce 52
[32,50,66,139,248,321]	<	LALRReduce 52
[32,50,66,139,248,321]	<=	LALRReduce 52
[32,50,66,139,248,321]	>	LALRReduce 52
[32,50,66,139,248,321]	>=	LALRReduce 52
[32,50,66,139,248,321]	+	LALRReduce 52
[32,50,66,139,248,321]	-	LALRReduce 52
[32,50,66,139,248,321]	*	LALRReduce 52
[32,50,66,139,248,321]	/	LALRReduce 52
[32,50,66,139,248,321]	,	LALRReduce 52
[32,50,66,139,248,321]	$	LALRReduce 52
[32,50,66,139,248,321]	CR	LALRReduce 52
[32,50,66,139,248,321]	To	LALRReduce 52
[32,50,66,139,248,321]	Step	LALRReduce 52
[33,51,67,140,249,322]	NUM	LALRShift [34,52,68,141,250,323]
[33,51,67,140,249,322]	true	LALRShift [35,53,69,142,251,324]
[33,51,67,140,249,322]	false	LALRShift [36,54,70,143,252,325]
[33,51,67,140,249,322]	(	LALRShift [31,49,65,138,247,320]
[33,51,67,140,249,322]	ID	LALRShift [32,50,66,139,248,321]
[34,52,68,141,250,323]	)	LALRReduce 48
[34,52,68,141,250,323]	Or	LALRReduce 48
[34,52,68,141,250,323]	And	LALRReduce 48
[34,52,68,141,250,323]	=	LALRReduce 48
[34,52,68,141,250,323]	<>	LALRReduce 48
[34,52,68,141,250,323]	<	LALRReduce 48
[34,52,68,141,250,323]	<=	LALRReduce 48
[34,52,68,141,250,323]	>	LALRReduce 48
[34,52,68,141,250,323]	>=	LALRReduce 48
[34,52,68,141,250,323]	+	LALRReduce 48
[34,52,68,141,250,323]	-	LALRReduce 48
[34,52,68,141,250,323]	*	LALRReduce 48
[34,52,68,141,250,323]	/	LALRReduce 48
[34,52,68,141,250,323]	,	LALRReduce 48
[34,52,68,141,250,323]	$	LALRReduce 48
[34,52,68,141,250,323]	CR	LALRReduce 48
[34,52,68,141,250,323]	To	LALRReduce 48
[34,52,68,141,250,323]	Step	LALRReduce 48
[35,53,69,142,251,324]	)	LALRReduce 49
[35,53,69,142,251,324]	Or	LALRReduce 49
[35,53,69,142,251,324]	And	LALRReduce 49
[35,53,69,142,251,324]	=	LALRReduce 49
[35,53,69,142,251,324]	<>	LALRReduce 49
[35,53,69,142,251,324]	<	LALRReduce 49
[35,53,69,142,251,324]	<=	LALRReduce 49
[35,53,69,142,251,324]	>	LALRReduce 49
[35,53,69,142,251,324]	>=	LALRReduce 49
[35,53,69,142,251,324]	+	LALRReduce 49
[35,53,69,142,251,324]	-	LALRReduce 49
[35,53,69,142,251,324]	*	LALRReduce 49
[35,53,69,142,251,324]	/	LALRReduce 49
[35,53,69,142,251,324]	,	LALRReduce 49
[35,53,69,142,251,324]	$	LALRReduce 49
[35,53,69,142,251,324]	CR	LALRReduce 49
[35,53,69,142,251,324]	To	LALRReduce 49
[35,53,69,142,251,324]	Step	LALRReduce 49
[36,54,70,143,252,325]	)	LALRReduce 50
[36,54,70,143,252,325]	Or	LALRReduce 50
[36,54,70,143,252,325]	And	LALRReduce 50
[36,54,70,143,252,325]	=	LALRReduce 50
[36,54,70,143,252,325]	<>	LALRReduce 50
[36,54,70,143,252,325]	<	LALRReduce 50
[36,54,70,143,252,325]	<=	LALRReduce 50
[36,54,70,143,252,325]	>	LALRReduce 50
[36,54,70,143,252,325]	>=	LALRReduce 50
[36,54,70,143,252,325]	+	LALRReduce 50
[36,54,70,143,252,325]	-	LALRReduce 50
[36,54,70,143,252,325]	*	LALRReduce 50
[36,54,70,143,252,325]	/	LALRReduce 50
[36,54,70,143,252,325]	,	LALRReduce 50
[36,54,70,143,252,325]	$	LALRReduce 50
[36,54,70,143,252,325]	CR	LALRReduce 50
[36,54,70,143,252,325]	To	LALRReduce 50
[36,54,70,143,252,325]	Step	LALRReduce 50
[37]	)	LALRReduce 25
[37]	,	LALRShift [93]
[38,309]	)	LALRShift [94,361]
[40]	)	LALRReduce 24
[55,310]	$	LALRReduce 12
[55,310]	CR	LALRReduce 12
[71,326]	(	LALRShift [127,378]
[72,327]	-	LALRShift [33,51,67,140,249,322]
[72,327]	NUM	LALRShift [34,52,68,141,250,323]
[72,327]	true	LALRShift [35,53,69,142,251,324]
[72,327]	false	LALRShift [36,54,70,143,252,325]
[72,327]	(	LALRShift [31,49,65,138,247,320]
[72,327]	ID	LALRShift [32,50,66,139,248,321]
[73,328]	CR	LALRShift [145,229,280,342,384]
[74]	)	LALRReduce 58
[74]	ID	LALRShift [148]
[75,329]	)	LALRShift [149,381]
[76,360]	Then	LALRShift [150,393]
[77,95,111,199,289,362]	-	LALRShift [33,51,67,140,249,322]
[77,95,111,199,289,362]	NUM	LALRShift [34,52,68,141,250,323]
[77,95,111,199,289,362]	true	LALRShift [35,53,69,142,251,324]
[77,95,111,199,289,362]	false	LALRShift [36,54,70,143,252,325]
[77,95,111,199,289,362]	(	LALRShift [31,49,65,138,247,320]
[77,95,111,199,289,362]	ID	LALRShift [32,50,66,139,248,321]
[78,96,112,200,290,363]	-	LALRShift [33,51,67,140,249,322]
[78,96,112,200,290,363]	NUM	LALRShift [34,52,68,141,250,323]
[78,96,112,200,290,363]	true	LALRShift [35,53,69,142,251,324]
[78,96,112,200,290,363]	false	LALRShift [36,54,70,143,252,325]
[78,96,112,200,290,363]	(	LALRShift [31,49,65,138,247,320]
[78,96,112,200,290,363]	ID	LALRShift [32,50,66,139,248,321]
[79,97,113,201,291,364]	-	LALRShift [33,51,67,140,249,322]
[79,97,113,201,291,364]	NUM	LALRShift [34,52,68,141,250,323]
[79,97,113,201,291,364]	true	LALRShift [35,53,69,142,251,324]
[79,97,113,201,291,364]	false	LALRShift [36,54,70,143,252,325]
[79,97,113,201,291,364]	(	LALRShift [31,49,65,138,247,320]
[79,97,113,201,291,364]	ID	LALRShift [32,50,66,139,248,321]
[80,98,114,202,292,365]	-	LALRShift [33,51,67,140,249,322]
[80,98,114,202,292,365]	NUM	LALRShift [34,52,68,141,250,323]
[80,98,114,202,292,365]	true	LALRShift [35,53,69,142,251,324]
[80,98,114,202,292,365]	false	LALRShift [36,54,70,143,252,325]
[80,98,114,202,292,365]	(	LALRShift [31,49,65,138,247,320]
[80,98,114,202,292,365]	ID	LALRShift [32,50,66,139,248,321]
[81,99,115,203,293,366]	-	LALRShift [33,51,67,140,249,322]
[81,99,115,203,293,366]	NUM	LALRShift [34,52,68,141,250,323]
[81,99,115,203,293,366]	true	LALRShift [35,53,69,142,251,324]
[81,99,115,203,293,366]	false	LALRShift [36,54,70,143,252,325]
[81,99,115,203,293,366]	(	LALRShift [31,49,65,138,247,320]
[81,99,115,203,293,366]	ID	LALRShift [32,50,66,139,248,321]
[82,100,116,204,294,367]	-	LALRShift [33,51,67,140,249,322]
[82,100,116,204,294,367]	NUM	LALRShift [34,52,68,141,250,323]
[82,100,116,204,294,367]	true	LALRShift [35,53,69,142,251,324]
[82,100,116,204,294,367]	false	LALRShift [36,54,70,143,252,325]
[82,100,116,204,294,367]	(	LALRShift [31,49,65,138,247,320]
[82,100,116,204,294,367]	ID	LALRShift [32,50,66,139,248,321]
[83,101,117,205,295,368]	-	LALRShift [33,51,67,140,249,322]
[83,101,117,205,295,368]	NUM	LALRShift [34,52,68,141,250,323]
[83,101,117,205,295,368]	true	LALRShift [35,53,69,142,251,324]
[83,101,117,205,295,368]	false	LALRShift [36,54,70,143,252,325]
[83,101,117,205,295,368]	(	LALRShift [31,49,65,138,247,320]
[83,101,117,205,295,368]	ID	LALRShift [32,50,66,139,248,321]
[84,102,118,206,296,369]	-	LALRShift [33,51,67,140,249,322]
[84,102,118,206,296,369]	NUM	LALRShift [34,52,68,141,250,323]
[84,102,118,206,296,369]	true	LALRShift [35,53,69,142,251,324]
[84,102,118,206,296,369]	false	LALRShift [36,54,70,143,252,325]
[84,102,118,206,296,369]	(	LALRShift [31,49,65,138,247,320]
[84,102,118,206,296,369]	ID	LALRShift [32,50,66,139,248,321]
[85,103,119,207,297,370]	-	LALRShift [33,51,67,140,249,322]
[85,103,119,207,297,370]	NUM	LALRShift [34,52,68,141,250,323]
[85,103,119,207,297,370]	true	LALRShift [35,53,69,142,251,324]
[85,103,119,207,297,370]	false	LALRShift [36,54,70,143,252,325]
[85,103,119,207,297,370]	(	LALRShift [31,49,65,138,247,320]
[85,103,119,207,297,370]	ID	LALRShift [32,50,66,139,248,321]
[86,104,120,208,298,371]	-	LALRShift [33,51,67,140,249,322]
[86,104,120,208,298,371]	NUM	LALRShift [34,52,68,141,250,323]
[86,104,120,208,298,371]	true	LALRShift [35,53,69,142,251,324]
[86,104,120,208,298,371]	false	LALRShift [36,54,70,143,252,325]
[86,104,120,208,298,371]	(	LALRShift [31,49,65,138,247,320]
[86,104,120,208,298,371]	ID	LALRShift [32,50,66,139,248,321]
[87,105,121,209,299,372]	-	LALRShift [33,51,67,140,249,322]
[87,105,121,209,299,372]	NUM	LALRShift [34,52,68,141,250,323]
[87,105,121,209,299,372]	true	LALRShift [35,53,69,142,251,324]
[87,105,121,209,299,372]	false	LALRShift [36,54,70,143,252,325]
[87,105,121,209,299,372]	(	LALRShift [31,49,65,138,247,320]
[87,105,121,209,299,372]	ID	LALRShift [32,50,66,139,248,321]
[88,106,122,210,300,373]	-	LALRShift [33,51,67,140,249,322]
[88,106,122,210,300,373]	NUM	LALRShift [34,52,68,141,250,323]
[88,106,122,210,300,373]	true	LALRShift [35,53,69,142,251,324]
[88,106,122,210,300,373]	false	LALRShift [36,54,70,143,252,325]
[88,106,122,210,300,373]	(	LALRShift [31,49,65,138,247,320]
[88,106,122,210,300,373]	ID	LALRShift [32,50,66,139,248,321]
[89,107,123,211,301,374]	)	LALRShift [163,179,194,265,356,406]
[90,108,124,212,302,375]	)	LALRReduce 23
[90,108,124,212,302,375]	-	LALRShift [33,51,67,140,249,322]
[90,108,124,212,302,375]	NUM	LALRShift [34,52,68,141,250,323]
[90,108,124,212,302,375]	true	LALRShift [35,53,69,142,251,324]
[90,108,124,212,302,375]	false	LALRShift [36,54,70,143,252,325]
[90,108,124,212,302,375]	(	LALRShift [31,49,65,138,247,320]
[90,108,124,212,302,375]	ID	LALRShift [32,50,66,139,248,321]
[91,109,125,213,303,376]	ID	LALRShift [165,181,196,267,358,408]
[92,110,126,214,304,377]	)	LALRReduce 46
[92,110,126,214,304,377]	Or	LALRReduce 46
[92,110,126,214,304,377]	And	LALRReduce 46
[92,110,126,214,304,377]	=	LALRReduce 46
[92,110,126,214,304,377]	<>	LALRReduce 46
[92,110,126,214,304,377]	<	LALRReduce 46
[92,110,126,214,304,377]	<=	LALRReduce 46
[92,110,126,214,304,377]	>	LALRReduce 46
[92,110,126,214,304,377]	>=	LALRReduce 46
[92,110,126,214,304,377]	+	LALRReduce 46
[92,110,126,214,304,377]	-	LALRReduce 46
[92,110,126,214,304,377]	*	LALRReduce 46
[92,110,126,214,304,377]	/	LALRReduce 46
[92,110,126,214,304,377]	,	LALRReduce 46
[92,110,126,214,304,377]	$	LALRReduce 46
[92,110,126,214,304,377]	CR	LALRReduce 46
[92,110,126,214,304,377]	To	LALRReduce 46
[92,110,126,214,304,377]	Step	LALRReduce 46
[93]	-	LALRShift [33,51,67,140,249,322]
[93]	NUM	LALRShift [34,52,68,141,250,323]
[93]	true	LALRShift [35,53,69,142,251,324]
[93]	false	LALRShift [36,54,70,143,252,325]
[93]	(	LALRShift [31,49,65,138,247,320]
[93]	ID	LALRShift [32,50,66,139,248,321]
[94,361]	$	LALRReduce 14
[94,361]	CR	LALRReduce 14
[127,378]	)	LALRReduce 23
[127,378]	-	LALRShift [33,51,67,140,249,322]
[127,378]	NUM	LALRShift [34,52,68,141,250,323]
[127,378]	true	LALRShift [35,53,69,142,251,324]
[127,378]	false	LALRShift [36,54,70,143,252,325]
[127,378]	(	LALRShift [31,49,65,138,247,320]
[127,378]	ID	LALRShift [32,50,66,139,248,321]
[128,379]	To	LALRShift [198,410]
[144,380]	EndSub	LALRShift [215,411]
[145,229,280,342,384]	EndSub	LALRReduce 16
[145,229,280,342,384]	While	LALRShift [4,219]
[145,229,280,342,384]	ID	LALRShift [5,220]
[145,229,280,342,384]	Goto	LALRShift [6,221]
[145,229,280,342,384]	For	LALRShift [7,222]
[145,229,280,342,384]	Sub	LALRShift [8,223]
[145,229,280,342,384]	If	LALRShift [9,224]
[145,229,280,342,384]	EndWhile	LALRReduce 16
[145,229,280,342,384]	EndIf	LALRReduce 16
[145,229,280,342,384]	Else	LALRReduce 16
[145,229,280,342,384]	ElseIf	LALRReduce 16
[145,229,280,342,384]	EndFor	LALRReduce 16
[146]	)	LALRShift [225]
[147]	)	LALRReduce 59
[148]	)	LALRReduce 60
[148]	,	LALRShift [226]
[149,381]	Then	LALRShift [227,412]
[150,393]	CR	LALRShift [145,229,280,342,384]
[151,167,182,253,344,394]	)	LALRReduce 28
[151,167,182,253,344,394]	Or	LALRReduce 28
[151,167,182,253,344,394]	And	LALRShift [78,96,112,200,290,363]
[151,167,182,253,344,394]	,	LALRReduce 28
[151,167,182,253,344,394]	$	LALRReduce 28
[151,167,182,253,344,394]	CR	LALRReduce 28
[151,167,182,253,344,394]	To	LALRReduce 28
[151,167,182,253,344,394]	Step	LALRReduce 28
[152,168,183,254,345,395]	)	LALRReduce 30
[152,168,183,254,345,395]	Or	LALRReduce 30
[152,168,183,254,345,395]	And	LALRReduce 30
[152,168,183,254,345,395]	=	LALRShift [79,97,113,201,291,364]
[152,168,183,254,345,395]	<>	LALRShift [80,98,114,202,292,365]
[152,168,183,254,345,395]	,	LALRReduce 30
[152,168,183,254,345,395]	$	LALRReduce 30
[152,168,183,254,345,395]	CR	LALRReduce 30
[152,168,183,254,345,395]	To	LALRReduce 30
[152,168,183,254,345,395]	Step	LALRReduce 30
[153,169,184,255,346,396]	)	LALRReduce 32
[153,169,184,255,346,396]	Or	LALRReduce 32
[153,169,184,255,346,396]	And	LALRReduce 32
[153,169,184,255,346,396]	=	LALRReduce 32
[153,169,184,255,346,396]	<>	LALRReduce 32
[153,169,184,255,346,396]	<	LALRShift [81,99,115,203,293,366]
[153,169,184,255,346,396]	<=	LALRShift [82,100,116,204,294,367]
[153,169,184,255,346,396]	>	LALRShift [83,101,117,205,295,368]
[153,169,184,255,346,396]	>=	LALRShift [84,102,118,206,296,369]
[153,169,184,255,346,396]	,	LALRReduce 32
[153,169,184,255,346,396]	$	LALRReduce 32
[153,169,184,255,346,396]	CR	LALRReduce 32
[153,169,184,255,346,396]	To	LALRReduce 32
[153,169,184,255,346,396]	Step	LALRReduce 32
[154,170,185,256,347,397]	)	LALRReduce 33
[154,170,185,256,347,397]	Or	LALRReduce 33
[154,170,185,256,347,397]	And	LALRReduce 33
[154,170,185,256,347,397]	=	LALRReduce 33
[154,170,185,256,347,397]	<>	LALRReduce 33
[154,170,185,256,347,397]	<	LALRShift [81,99,115,203,293,366]
[154,170,185,256,347,397]	<=	LALRShift [82,100,116,204,294,367]
[154,170,185,256,347,397]	>	LALRShift [83,101,117,205,295,368]
[154,170,185,256,347,397]	>=	LALRShift [84,102,118,206,296,369]
[154,170,185,256,347,397]	,	LALRReduce 33
[154,170,185,256,347,397]	$	LALRReduce 33
[154,170,185,256,347,397]	CR	LALRReduce 33
[154,170,185,256,347,397]	To	LALRReduce 33
[154,170,185,256,347,397]	Step	LALRReduce 33
[155,171,186,257,348,398]	)	LALRReduce 35
[155,171,186,257,348,398]	Or	LALRReduce 35
[155,171,186,257,348,398]	And	LALRReduce 35
[155,171,186,257,348,398]	=	LALRReduce 35
[155,171,186,257,348,398]	<>	LALRReduce 35
[155,171,186,257,348,398]	<	LALRReduce 35
[155,171,186,257,348,398]	<=	LALRReduce 35
[155,171,186,257,348,398]	>	LALRReduce 35
[155,171,186,257,348,398]	>=	LALRReduce 35
[155,171,186,257,348,398]	+	LALRShift [85,103,119,207,297,370]
[155,171,186,257,348,398]	-	LALRShift [86,104,120,208,298,371]
[155,171,186,257,348,398]	,	LALRReduce 35
[155,171,186,257,348,398]	$	LALRReduce 35
[155,171,186,257,348,398]	CR	LALRReduce 35
[155,171,186,257,348,398]	To	LALRReduce 35
[155,171,186,257,348,398]	Step	LALRReduce 35
[156,172,187,258,349,399]	)	LALRReduce 36
[156,172,187,258,349,399]	Or	LALRReduce 36
[156,172,187,258,349,399]	And	LALRReduce 36
[156,172,187,258,349,399]	=	LALRReduce 36
[156,172,187,258,349,399]	<>	LALRReduce 36
[156,172,187,258,349,399]	<	LALRReduce 36
[156,172,187,258,349,399]	<=	LALRReduce 36
[156,172,187,258,349,399]	>	LALRReduce 36
[156,172,187,258,349,399]	>=	LALRReduce 36
[156,172,187,258,349,399]	+	LALRShift [85,103,119,207,297,370]
[156,172,187,258,349,399]	-	LALRShift [86,104,120,208,298,371]
[156,172,187,258,349,399]	,	LALRReduce 36
[156,172,187,258,349,399]	$	LALRReduce 36
[156,172,187,258,349,399]	CR	LALRReduce 36
[156,172,187,258,349,399]	To	LALRReduce 36
[156,172,187,258,349,399]	Step	LALRReduce 36
[157,173,188,259,350,400]	)	LALRReduce 37
[157,173,188,259,350,400]	Or	LALRReduce 37
[157,173,188,259,350,400]	And	LALRReduce 37
[157,173,188,259,350,400]	=	LALRReduce 37
[157,173,188,259,350,400]	<>	LALRReduce 37
[157,173,188,259,350,400]	<	LALRReduce 37
[157,173,188,259,350,400]	<=	LALRReduce 37
[157,173,188,259,350,400]	>	LALRReduce 37
[157,173,188,259,350,400]	>=	LALRReduce 37
[157,173,188,259,350,400]	+	LALRShift [85,103,119,207,297,370]
[157,173,188,259,350,400]	-	LALRShift [86,104,120,208,298,371]
[157,173,188,259,350,400]	,	LALRReduce 37
[157,173,188,259,350,400]	$	LALRReduce 37
[157,173,188,259,350,400]	CR	LALRReduce 37
[157,173,188,259,350,400]	To	LALRReduce 37
[157,173,188,259,350,400]	Step	LALRReduce 37
[158,174,189,260,351,401]	)	LALRReduce 38
[158,174,189,260,351,401]	Or	LALRReduce 38
[158,174,189,260,351,401]	And	LALRReduce 38
[158,174,189,260,351,401]	=	LALRReduce 38
[158,174,189,260,351,401]	<>	LALRReduce 38
[158,174,189,260,351,401]	<	LALRReduce 38
[158,174,189,260,351,401]	<=	LALRReduce 38
[158,174,189,260,351,401]	>	LALRReduce 38
[158,174,189,260,351,401]	>=	LALRReduce 38
[158,174,189,260,351,401]	+	LALRShift [85,103,119,207,297,370]
[158,174,189,260,351,401]	-	LALRShift [86,104,120,208,298,371]
[158,174,189,260,351,401]	,	LALRReduce 38
[158,174,189,260,351,401]	$	LALRReduce 38
[158,174,189,260,351,401]	CR	LALRReduce 38
[158,174,189,260,351,401]	To	LALRReduce 38
[158,174,189,260,351,401]	Step	LALRReduce 38
[159,175,190,261,352,402]	)	LALRReduce 40
[159,175,190,261,352,402]	Or	LALRReduce 40
[159,175,190,261,352,402]	And	LALRReduce 40
[159,175,190,261,352,402]	=	LALRReduce 40
[159,175,190,261,352,402]	<>	LALRReduce 40
[159,175,190,261,352,402]	<	LALRReduce 40
[159,175,190,261,352,402]	<=	LALRReduce 40
[159,175,190,261,352,402]	>	LALRReduce 40
[159,175,190,261,352,402]	>=	LALRReduce 40
[159,175,190,261,352,402]	+	LALRReduce 40
[159,175,190,261,352,402]	-	LALRReduce 40
[159,175,190,261,352,402]	*	LALRShift [87,105,121,209,299,372]
[159,175,190,261,352,402]	/	LALRShift [88,106,122,210,300,373]
[159,175,190,261,352,402]	,	LALRReduce 40
[159,175,190,261,352,402]	$	LALRReduce 40
[159,175,190,261,352,402]	CR	LALRReduce 40
[159,175,190,261,352,402]	To	LALRReduce 40
[159,175,190,261,352,402]	Step	LALRReduce 40
[160,176,191,262,353,403]	)	LALRReduce 41
[160,176,191,262,353,403]	Or	LALRReduce 41
[160,176,191,262,353,403]	And	LALRReduce 41
[160,176,191,262,353,403]	=	LALRReduce 41
[160,176,191,262,353,403]	<>	LALRReduce 41
[160,176,191,262,353,403]	<	LALRReduce 41
[160,176,191,262,353,403]	<=	LALRReduce 41
[160,176,191,262,353,403]	>	LALRReduce 41
[160,176,191,262,353,403]	>=	LALRReduce 41
[160,176,191,262,353,403]	+	LALRReduce 41
[160,176,191,262,353,403]	-	LALRReduce 41
[160,176,191,262,353,403]	*	LALRShift [87,105,121,209,299,372]
[160,176,191,262,353,403]	/	LALRShift [88,106,122,210,300,373]
[160,176,191,262,353,403]	,	LALRReduce 41
[160,176,191,262,353,403]	$	LALRReduce 41
[160,176,191,262,353,403]	CR	LALRReduce 41
[160,176,191,262,353,403]	To	LALRReduce 41
[160,176,191,262,353,403]	Step	LALRReduce 41
[161,177,192,263,354,404]	)	LALRReduce 43
[161,177,192,263,354,404]	Or	LALRReduce 43
[161,177,192,263,354,404]	And	LALRReduce 43
[161,177,192,263,354,404]	=	LALRReduce 43
[161,177,192,263,354,404]	<>	LALRReduce 43
[161,177,192,263,354,404]	<	LALRReduce 43
[161,177,192,263,354,404]	<=	LALRReduce 43
[161,177,192,263,354,404]	>	LALRReduce 43
[161,177,192,263,354,404]	>=	LALRReduce 43
[161,177,192,263,354,404]	+	LALRReduce 43
[161,177,192,263,354,404]	-	LALRReduce 43
[161,177,192,263,354,404]	*	LALRReduce 43
[161,177,192,263,354,404]	/	LALRReduce 43
[161,177,192,263,354,404]	,	LALRReduce 43
[161,177,192,263,354,404]	$	LALRReduce 43
[161,177,192,263,354,404]	CR	LALRReduce 43
[161,177,192,263,354,404]	To	LALRReduce 43
[161,177,192,263,354,404]	Step	LALRReduce 43
[162,178,193,264,355,405]	)	LALRReduce 44
[162,178,193,264,355,405]	Or	LALRReduce 44
[162,178,193,264,355,405]	And	LALRReduce 44
[162,178,193,264,355,405]	=	LALRReduce 44
[162,178,193,264,355,405]	<>	LALRReduce 44
[162,178,193,264,355,405]	<	LALRReduce 44
[162,178,193,264,355,405]	<=	LALRReduce 44
[162,178,193,264,355,405]	>	LALRReduce 44
[162,178,193,264,355,405]	>=	LALRReduce 44
[162,178,193,264,355,405]	+	LALRReduce 44
[162,178,193,264,355,405]	-	LALRReduce 44
[162,178,193,264,355,405]	*	LALRReduce 44
[162,178,193,264,355,405]	/	LALRReduce 44
[162,178,193,264,355,405]	,	LALRReduce 44
[162,178,193,264,355,405]	$	LALRReduce 44
[162,178,193,264,355,405]	CR	LALRReduce 44
[162,178,193,264,355,405]	To	LALRReduce 44
[162,178,193,264,355,405]	Step	LALRReduce 44
[163,179,194,265,356,406]	)	LALRReduce 51
[163,179,194,265,356,406]	Or	LALRReduce 51
[163,179,194,265,356,406]	And	LALRReduce 51
[163,179,194,265,356,406]	=	LALRReduce 51
[163,179,194,265,356,406]	<>	LALRReduce 51
[163,179,194,265,356,406]	<	LALRReduce 51
[163,179,194,265,356,406]	<=	LALRReduce 51
[163,179,194,265,356,406]	>	LALRReduce 51
[163,179,194,265,356,406]	>=	LALRReduce 51
[163,179,194,265,356,406]	+	LALRReduce 51
[163,179,194,265,356,406]	-	LALRReduce 51
[163,179,194,265,356,406]	*	LALRReduce 51
[163,179,194,265,356,406]	/	LALRReduce 51
[163,179,194,265,356,406]	,	LALRReduce 51
[163,179,194,265,356,406]	$	LALRReduce 51
[163,179,194,265,356,406]	CR	LALRReduce 51
[163,179,194,265,356,406]	To	LALRReduce 51
[163,179,194,265,356,406]	Step	LALRReduce 51
[164,180,195,266,357,407]	)	LALRShift [230,232,234,305,390,421]
[165,181,196,267,358,408]	)	LALRReduce 53
[165,181,196,267,358,408]	(	LALRShift [231,233,235,306,391,422]
[165,181,196,267,358,408]	Or	LALRReduce 53
[165,181,196,267,358,408]	And	LALRReduce 53
[165,181,196,267,358,408]	=	LALRReduce 53
[165,181,196,267,358,408]	<>	LALRReduce 53
[165,181,196,267,358,408]	<	LALRReduce 53
[165,181,196,267,358,408]	<=	LALRReduce 53
[165,181,196,267,358,408]	>	LALRReduce 53
[165,181,196,267,358,408]	>=	LALRReduce 53
[165,181,196,267,358,408]	+	LALRReduce 53
[165,181,196,267,358,408]	-	LALRReduce 53
[165,181,196,267,358,408]	*	LALRReduce 53
[165,181,196,267,358,408]	/	LALRReduce 53
[165,181,196,267,358,408]	,	LALRReduce 53
[165,181,196,267,358,408]	$	LALRReduce 53
[165,181,196,267,358,408]	CR	LALRReduce 53
[165,181,196,267,358,408]	To	LALRReduce 53
[165,181,196,267,358,408]	Step	LALRReduce 53
[166]	)	LALRReduce 26
[197,409]	)	LALRShift [236,423]
[198,410]	-	LALRShift [33,51,67,140,249,322]
[198,410]	NUM	LALRShift [34,52,68,141,250,323]
[198,410]	true	LALRShift [35,53,69,142,251,324]
[198,410]	false	LALRShift [36,54,70,143,252,325]
[198,410]	(	LALRShift [31,49,65,138,247,320]
[198,410]	ID	LALRShift [32,50,66,139,248,321]
[215,411]	$	LALRReduce 6
[215,411]	CR	LALRReduce 6
[216,282,335,388,415]	CR	LALRShift [268,337,385,418,427]
[218,283,336,389,416]	EndSub	LALRReduce 15
[218,283,336,389,416]	EndWhile	LALRReduce 15
[218,283,336,389,416]	EndIf	LALRReduce 15
[218,283,336,389,416]	Else	LALRReduce 15
[218,283,336,389,416]	ElseIf	LALRReduce 15
[218,283,336,389,416]	EndFor	LALRReduce 15
[225]	CR	LALRReduce 57
[226]	ID	LALRShift [148]
[227,412]	CR	LALRShift [145,229,280,342,384]
[228,420]	EndWhile	LALRShift [281,430]
[230,232,234,305,390,421]	)	LALRReduce 55
[230,232,234,305,390,421]	Or	LALRReduce 55
[230,232,234,305,390,421]	And	LALRReduce 55
[230,232,234,305,390,421]	=	LALRReduce 55
[230,232,234,305,390,421]	<>	LALRReduce 55
[230,232,234,305,390,421]	<	LALRReduce 55
[230,232,234,305,390,421]	<=	LALRReduce 55
[230,232,234,305,390,421]	>	LALRReduce 55
[230,232,234,305,390,421]	>=	LALRReduce 55
[230,232,234,305,390,421]	+	LALRReduce 55
[230,232,234,305,390,421]	-	LALRReduce 55
[230,232,234,305,390,421]	*	LALRReduce 55
[230,232,234,305,390,421]	/	LALRReduce 55
[230,232,234,305,390,421]	,	LALRReduce 55
[230,232,234,305,390,421]	$	LALRReduce 55
[230,232,234,305,390,421]	CR	LALRReduce 55
[230,232,234,305,390,421]	To	LALRReduce 55
[230,232,234,305,390,421]	Step	LALRReduce 55
[231,233,235,306,391,422]	)	LALRReduce 23
[231,233,235,306,391,422]	-	LALRShift [33,51,67,140,249,322]
[231,233,235,306,391,422]	NUM	LALRShift [34,52,68,141,250,323]
[231,233,235,306,391,422]	true	LALRShift [35,53,69,142,251,324]
[231,233,235,306,391,422]	false	LALRShift [36,54,70,143,252,325]
[231,233,235,306,391,422]	(	LALRShift [31,49,65,138,247,320]
[231,233,235,306,391,422]	ID	LALRShift [32,50,66,139,248,321]
[236,423]	$	LALRReduce 13
[236,423]	CR	LALRReduce 13
[237,424]	CR	LALRReduce 20
[237,424]	Step	LALRShift [288]
[268,337,385,418,427]	EndSub	LALRReduce 16
[268,337,385,418,427]	While	LALRShift [4,219]
[268,337,385,418,427]	ID	LALRShift [5,220]
[268,337,385,418,427]	Goto	LALRShift [6,221]
[268,337,385,418,427]	For	LALRShift [7,222]
[268,337,385,418,427]	Sub	LALRShift [8,223]
[268,337,385,418,427]	If	LALRShift [9,224]
[268,337,385,418,427]	EndWhile	LALRReduce 16
[268,337,385,418,427]	EndIf	LALRReduce 16
[268,337,385,418,427]	Else	LALRReduce 16
[268,337,385,418,427]	ElseIf	LALRReduce 16
[268,337,385,418,427]	EndFor	LALRReduce 16
[278]	)	LALRReduce 61
[279,425]	ElseIf	LALRShift [332,435]
[279,425]	EndIf	LALRShift [333,436]
[279,425]	Else	LALRShift [334,437]
[281,430]	$	LALRReduce 2
[281,430]	CR	LALRReduce 2
[284,285,286,359,419,431]	)	LALRShift [338,339,340,392,429,440]
[287,432]	CR	LALRShift [145,229,280,342,384]
[288]	-	LALRShift [33,51,67,140,249,322]
[288]	NUM	LALRShift [34,52,68,141,250,323]
[288]	true	LALRShift [35,53,69,142,251,324]
[288]	false	LALRShift [36,54,70,143,252,325]
[288]	(	LALRShift [31,49,65,138,247,320]
[288]	ID	LALRShift [32,50,66,139,248,321]
[307,386,417,428,439]	EndSub	LALRReduce 17
[307,386,417,428,439]	EndWhile	LALRReduce 17
[307,386,417,428,439]	EndIf	LALRReduce 17
[307,386,417,428,439]	Else	LALRReduce 17
[307,386,417,428,439]	ElseIf	LALRReduce 17
[307,386,417,428,439]	EndFor	LALRReduce 17
[330,433]	$	LALRReduce 7
[330,433]	CR	LALRReduce 7
[331,434]	$	LALRReduce 8
[331,434]	CR	LALRReduce 8
[332,435]	(	LALRShift [382,442]
[333,436]	$	LALRReduce 10
[333,436]	CR	LALRReduce 10
[334,437]	CR	LALRShift [145,229,280,342,384]
[338,339,340,392,429,440]	)	LALRReduce 54
[338,339,340,392,429,440]	Or	LALRReduce 54
[338,339,340,392,429,440]	And	LALRReduce 54
[338,339,340,392,429,440]	=	LALRReduce 54
[338,339,340,392,429,440]	<>	LALRReduce 54
[338,339,340,392,429,440]	<	LALRReduce 54
[338,339,340,392,429,440]	<=	LALRReduce 54
[338,339,340,392,429,440]	>	LALRReduce 54
[338,339,340,392,429,440]	>=	LALRReduce 54
[338,339,340,392,429,440]	+	LALRReduce 54
[338,339,340,392,429,440]	-	LALRReduce 54
[338,339,340,392,429,440]	*	LALRReduce 54
[338,339,340,392,429,440]	/	LALRReduce 54
[338,339,340,392,429,440]	,	LALRReduce 54
[338,339,340,392,429,440]	$	LALRReduce 54
[338,339,340,392,429,440]	CR	LALRReduce 54
[338,339,340,392,429,440]	To	LALRReduce 54
[338,339,340,392,429,440]	Step	LALRReduce 54
[341,441]	EndFor	LALRShift [387,445]
[343]	CR	LALRReduce 21
[382,442]	-	LALRShift [33,51,67,140,249,322]
[382,442]	NUM	LALRShift [34,52,68,141,250,323]
[382,442]	true	LALRShift [35,53,69,142,251,324]
[382,442]	false	LALRShift [36,54,70,143,252,325]
[382,442]	(	LALRShift [31,49,65,138,247,320]
[382,442]	ID	LALRShift [32,50,66,139,248,321]
[383,443]	EndIf	LALRShift [414,447]
[387,445]	$	LALRReduce 5
[387,445]	CR	LALRReduce 5
[413,446]	)	LALRShift [426,449]
[414,447]	$	LALRReduce 11
[414,447]	CR	LALRReduce 11
[426,449]	Then	LALRShift [438,450]
[438,450]	CR	LALRShift [145,229,280,342,384]
[444,451]	ElseIf	LALRShift [332,435]
[444,451]	EndIf	LALRShift [333,436]
[444,451]	Else	LALRShift [334,437]
[448,452]	$	LALRReduce 9
[448,452]	CR	LALRReduce 9
