[0]	MoreThanOneStmt	[1]
[0]	Stmt	[2]
[0]	ExprStatement	[3,217]
[10]	MoreThanOneStmt	[20]
[10]	Stmt	[2]
[10]	ExprStatement	[3,217]
[11,269]	Expr	[21,308]
[11,269]	CondExpr	[22,39,56,129,238,311]
[11,269]	OrExpr	[23,41,57,130,239,312]
[11,269]	AndExpr	[24,42,58,131,240,313]
[11,269]	EqNeqExpr	[25,43,59,132,241,314]
[11,269]	CompExpr	[26,44,60,133,242,315]
[11,269]	AdditiveExpr	[27,45,61,134,243,316]
[11,269]	MultiplicativeExpr	[28,46,62,135,244,317]
[11,269]	UnaryExpr	[29,47,63,136,245,318]
[11,269]	Primary	[30,48,64,137,246,319]
[12,270]	Exprs	[38,309]
[12,270]	MoreThanOneExpr	[40]
[12,270]	Expr	[37]
[12,270]	CondExpr	[22,39,56,129,238,311]
[12,270]	OrExpr	[23,41,57,130,239,312]
[12,270]	AndExpr	[24,42,58,131,240,313]
[12,270]	EqNeqExpr	[25,43,59,132,241,314]
[12,270]	CompExpr	[26,44,60,133,242,315]
[12,270]	AdditiveExpr	[27,45,61,134,243,316]
[12,270]	MultiplicativeExpr	[28,46,62,135,244,317]
[12,270]	UnaryExpr	[29,47,63,136,245,318]
[12,270]	Primary	[30,48,64,137,246,319]
[14,272]	Expr	[55,310]
[14,272]	CondExpr	[22,39,56,129,238,311]
[14,272]	OrExpr	[23,41,57,130,239,312]
[14,272]	AndExpr	[24,42,58,131,240,313]
[14,272]	EqNeqExpr	[25,43,59,132,241,314]
[14,272]	CompExpr	[26,44,60,133,242,315]
[14,272]	AdditiveExpr	[27,45,61,134,243,316]
[14,272]	MultiplicativeExpr	[28,46,62,135,244,317]
[14,272]	UnaryExpr	[29,47,63,136,245,318]
[14,272]	Primary	[30,48,64,137,246,319]
[18,276]	Args	[73,328]
[19,277]	Expr	[75,329]
[19,277]	CondExpr	[22,39,56,129,238,311]
[19,277]	OrExpr	[23,41,57,130,239,312]
[19,277]	AndExpr	[24,42,58,131,240,313]
[19,277]	EqNeqExpr	[25,43,59,132,241,314]
[19,277]	CompExpr	[26,44,60,133,242,315]
[19,277]	AdditiveExpr	[27,45,61,134,243,316]
[19,277]	MultiplicativeExpr	[28,46,62,135,244,317]
[19,277]	UnaryExpr	[29,47,63,136,245,318]
[19,277]	Primary	[30,48,64,137,246,319]
[31,49,65,138,247,320]	Expr	[89,107,123,211,301,374]
[31,49,65,138,247,320]	CondExpr	[22,39,56,129,238,311]
[31,49,65,138,247,320]	OrExpr	[23,41,57,130,239,312]
[31,49,65,138,247,320]	AndExpr	[24,42,58,131,240,313]
[31,49,65,138,247,320]	EqNeqExpr	[25,43,59,132,241,314]
[31,49,65,138,247,320]	CompExpr	[26,44,60,133,242,315]
[31,49,65,138,247,320]	AdditiveExpr	[27,45,61,134,243,316]
[31,49,65,138,247,320]	MultiplicativeExpr	[28,46,62,135,244,317]
[31,49,65,138,247,320]	UnaryExpr	[29,47,63,136,245,318]
[31,49,65,138,247,320]	Primary	[30,48,64,137,246,319]
[33,51,67,140,249,322]	Primary	[92,110,126,214,304,377]
[72,327]	Expr	[128,379]
[72,327]	CondExpr	[22,39,56,129,238,311]
[72,327]	OrExpr	[23,41,57,130,239,312]
[72,327]	AndExpr	[24,42,58,131,240,313]
[72,327]	EqNeqExpr	[25,43,59,132,241,314]
[72,327]	CompExpr	[26,44,60,133,242,315]
[72,327]	AdditiveExpr	[27,45,61,134,243,316]
[72,327]	MultiplicativeExpr	[28,46,62,135,244,317]
[72,327]	UnaryExpr	[29,47,63,136,245,318]
[72,327]	Primary	[30,48,64,137,246,319]
[73,328]	CRStmtCRs	[144,380]
[74]	IDs	[146]
[74]	MoreThanOneID	[147]
[77,95,111,199,289,362]	AndExpr	[151,167,182,253,344,394]
[77,95,111,199,289,362]	EqNeqExpr	[25,43,59,132,241,314]
[77,95,111,199,289,362]	CompExpr	[26,44,60,133,242,315]
[77,95,111,199,289,362]	AdditiveExpr	[27,45,61,134,243,316]
[77,95,111,199,289,362]	MultiplicativeExpr	[28,46,62,135,244,317]
[77,95,111,199,289,362]	UnaryExpr	[29,47,63,136,245,318]
[77,95,111,199,289,362]	Primary	[30,48,64,137,246,319]
[78,96,112,200,290,363]	EqNeqExpr	[152,168,183,254,345,395]
[78,96,112,200,290,363]	CompExpr	[26,44,60,133,242,315]
[78,96,112,200,290,363]	AdditiveExpr	[27,45,61,134,243,316]
[78,96,112,200,290,363]	MultiplicativeExpr	[28,46,62,135,244,317]
[78,96,112,200,290,363]	UnaryExpr	[29,47,63,136,245,318]
[78,96,112,200,290,363]	Primary	[30,48,64,137,246,319]
[79,97,113,201,291,364]	CompExpr	[153,169,184,255,346,396]
[79,97,113,201,291,364]	AdditiveExpr	[27,45,61,134,243,316]
[79,97,113,201,291,364]	MultiplicativeExpr	[28,46,62,135,244,317]
[79,97,113,201,291,364]	UnaryExpr	[29,47,63,136,245,318]
[79,97,113,201,291,364]	Primary	[30,48,64,137,246,319]
[80,98,114,202,292,365]	CompExpr	[154,170,185,256,347,397]
[80,98,114,202,292,365]	AdditiveExpr	[27,45,61,134,243,316]
[80,98,114,202,292,365]	MultiplicativeExpr	[28,46,62,135,244,317]
[80,98,114,202,292,365]	UnaryExpr	[29,47,63,136,245,318]
[80,98,114,202,292,365]	Primary	[30,48,64,137,246,319]
[81,99,115,203,293,366]	AdditiveExpr	[155,171,186,257,348,398]
[81,99,115,203,293,366]	MultiplicativeExpr	[28,46,62,135,244,317]
[81,99,115,203,293,366]	UnaryExpr	[29,47,63,136,245,318]
[81,99,115,203,293,366]	Primary	[30,48,64,137,246,319]
[82,100,116,204,294,367]	AdditiveExpr	[156,172,187,258,349,399]
[82,100,116,204,294,367]	MultiplicativeExpr	[28,46,62,135,244,317]
[82,100,116,204,294,367]	UnaryExpr	[29,47,63,136,245,318]
[82,100,116,204,294,367]	Primary	[30,48,64,137,246,319]
[83,101,117,205,295,368]	AdditiveExpr	[157,173,188,259,350,400]
[83,101,117,205,295,368]	MultiplicativeExpr	[28,46,62,135,244,317]
[83,101,117,205,295,368]	UnaryExpr	[29,47,63,136,245,318]
[83,101,117,205,295,368]	Primary	[30,48,64,137,246,319]
[84,102,118,206,296,369]	AdditiveExpr	[158,174,189,260,351,401]
[84,102,118,206,296,369]	MultiplicativeExpr	[28,46,62,135,244,317]
[84,102,118,206,296,369]	UnaryExpr	[29,47,63,136,245,318]
[84,102,118,206,296,369]	Primary	[30,48,64,137,246,319]
[85,103,119,207,297,370]	MultiplicativeExpr	[159,175,190,261,352,402]
[85,103,119,207,297,370]	UnaryExpr	[29,47,63,136,245,318]
[85,103,119,207,297,370]	Primary	[30,48,64,137,246,319]
[86,104,120,208,298,371]	MultiplicativeExpr	[160,176,191,262,353,403]
[86,104,120,208,298,371]	UnaryExpr	[29,47,63,136,245,318]
[86,104,120,208,298,371]	Primary	[30,48,64,137,246,319]
[87,105,121,209,299,372]	UnaryExpr	[161,177,192,263,354,404]
[87,105,121,209,299,372]	Primary	[30,48,64,137,246,319]
[88,106,122,210,300,373]	UnaryExpr	[162,178,193,264,355,405]
[88,106,122,210,300,373]	Primary	[30,48,64,137,246,319]
[90,108,124,212,302,375]	Exprs	[164,180,195,266,357,407]
[90,108,124,212,302,375]	MoreThanOneExpr	[40]
[90,108,124,212,302,375]	Expr	[37]
[90,108,124,212,302,375]	CondExpr	[22,39,56,129,238,311]
[90,108,124,212,302,375]	OrExpr	[23,41,57,130,239,312]
[90,108,124,212,302,375]	AndExpr	[24,42,58,131,240,313]
[90,108,124,212,302,375]	EqNeqExpr	[25,43,59,132,241,314]
[90,108,124,212,302,375]	CompExpr	[26,44,60,133,242,315]
[90,108,124,212,302,375]	AdditiveExpr	[27,45,61,134,243,316]
[90,108,124,212,302,375]	MultiplicativeExpr	[28,46,62,135,244,317]
[90,108,124,212,302,375]	UnaryExpr	[29,47,63,136,245,318]
[90,108,124,212,302,375]	Primary	[30,48,64,137,246,319]
[93]	MoreThanOneExpr	[166]
[93]	Expr	[37]
[93]	CondExpr	[22,39,56,129,238,311]
[93]	OrExpr	[23,41,57,130,239,312]
[93]	AndExpr	[24,42,58,131,240,313]
[93]	EqNeqExpr	[25,43,59,132,241,314]
[93]	CompExpr	[26,44,60,133,242,315]
[93]	AdditiveExpr	[27,45,61,134,243,316]
[93]	MultiplicativeExpr	[28,46,62,135,244,317]
[93]	UnaryExpr	[29,47,63,136,245,318]
[93]	Primary	[30,48,64,137,246,319]
[127,378]	Exprs	[197,409]
[127,378]	MoreThanOneExpr	[40]
[127,378]	Expr	[37]
[127,378]	CondExpr	[22,39,56,129,238,311]
[127,378]	OrExpr	[23,41,57,130,239,312]
[127,378]	AndExpr	[24,42,58,131,240,313]
[127,378]	EqNeqExpr	[25,43,59,132,241,314]
[127,378]	CompExpr	[26,44,60,133,242,315]
[127,378]	AdditiveExpr	[27,45,61,134,243,316]
[127,378]	MultiplicativeExpr	[28,46,62,135,244,317]
[127,378]	UnaryExpr	[29,47,63,136,245,318]
[127,378]	Primary	[30,48,64,137,246,319]
[145,229,280,342,384]	TheRest	[218,283,336,389,416]
[145,229,280,342,384]	Stmt	[216,282,335,388,415]
[145,229,280,342,384]	ExprStatement	[3,217]
[150,393]	CRStmtCRs	[228,420]
[198,410]	Expr	[237,424]
[198,410]	CondExpr	[22,39,56,129,238,311]
[198,410]	OrExpr	[23,41,57,130,239,312]
[198,410]	AndExpr	[24,42,58,131,240,313]
[198,410]	EqNeqExpr	[25,43,59,132,241,314]
[198,410]	CompExpr	[26,44,60,133,242,315]
[198,410]	AdditiveExpr	[27,45,61,134,243,316]
[198,410]	MultiplicativeExpr	[28,46,62,135,244,317]
[198,410]	UnaryExpr	[29,47,63,136,245,318]
[198,410]	Primary	[30,48,64,137,246,319]
[226]	MoreThanOneID	[278]
[227,412]	CRStmtCRs	[279,425]
[231,233,235,306,391,422]	Exprs	[284,285,286,359,419,431]
[231,233,235,306,391,422]	MoreThanOneExpr	[40]
[231,233,235,306,391,422]	Expr	[37]
[231,233,235,306,391,422]	CondExpr	[22,39,56,129,238,311]
[231,233,235,306,391,422]	OrExpr	[23,41,57,130,239,312]
[231,233,235,306,391,422]	AndExpr	[24,42,58,131,240,313]
[231,233,235,306,391,422]	EqNeqExpr	[25,43,59,132,241,314]
[231,233,235,306,391,422]	CompExpr	[26,44,60,133,242,315]
[231,233,235,306,391,422]	AdditiveExpr	[27,45,61,134,243,316]
[231,233,235,306,391,422]	MultiplicativeExpr	[28,46,62,135,244,317]
[231,233,235,306,391,422]	UnaryExpr	[29,47,63,136,245,318]
[231,233,235,306,391,422]	Primary	[30,48,64,137,246,319]
[237,424]	OptStep	[287,432]
[268,337,385,418,427]	TheRest	[307,386,417,428,439]
[268,337,385,418,427]	Stmt	[216,282,335,388,415]
[268,337,385,418,427]	ExprStatement	[3,217]
[279,425]	MoreThanZeroElseIf	[330,433]
[279,425]	OptionalElse	[331,434]
[287,432]	CRStmtCRs	[341,441]
[288]	Expr	[343]
[288]	CondExpr	[22,39,56,129,238,311]
[288]	OrExpr	[23,41,57,130,239,312]
[288]	AndExpr	[24,42,58,131,240,313]
[288]	EqNeqExpr	[25,43,59,132,241,314]
[288]	CompExpr	[26,44,60,133,242,315]
[288]	AdditiveExpr	[27,45,61,134,243,316]
[288]	MultiplicativeExpr	[28,46,62,135,244,317]
[288]	UnaryExpr	[29,47,63,136,245,318]
[288]	Primary	[30,48,64,137,246,319]
[334,437]	CRStmtCRs	[383,443]
[382,442]	Expr	[413,446]
[382,442]	CondExpr	[22,39,56,129,238,311]
[382,442]	OrExpr	[23,41,57,130,239,312]
[382,442]	AndExpr	[24,42,58,131,240,313]
[382,442]	EqNeqExpr	[25,43,59,132,241,314]
[382,442]	CompExpr	[26,44,60,133,242,315]
[382,442]	AdditiveExpr	[27,45,61,134,243,316]
[382,442]	MultiplicativeExpr	[28,46,62,135,244,317]
[382,442]	UnaryExpr	[29,47,63,136,245,318]
[382,442]	Primary	[30,48,64,137,246,319]
[438,450]	CRStmtCRs	[444,451]
[444,451]	MoreThanZeroElseIf	[448,452]
[444,451]	OptionalElse	[331,434]
